  1.28480134
  0.00392597
 -0.54030273
 -0.67961803
 -0.06077318
 -0.91967969
  1.35067415
 -0.86582464
  0.08044904
  1.78855781
 -0.34657521
  0.01541610
 -0.40764686
 -0.01974374
  0.90590487
  0.97165761
  0.08123364
 -0.79226297
  1.65979570
 -0.69473301
  0.56103180
 -0.90476654
  0.16513331
 -0.41817767
  1.08261148
 -0.22769229
  0.08995727
  1.19320070
  0.75538705
 -1.37250848
  0.37490098
  0.07051225
  0.73310127
  0.29813882
 -0.23979763
 -0.38385021
  0.49238127
 -0.49003508
 -0.92131385
  0.97389536
 -0.47754984
  0.44467896
  0.18103378
 -0.86521316
  1.06477269
  0.70924047
 -0.02877999
  1.47185567
 -0.83632701
  0.75048259
  0.38987948
  1.48540505
 -0.30940473
  1.69837159
  0.04051025
  0.24495023
 -0.79653391
  1.54375205
 -1.47227756
 -0.23829855
  1.96227475
 -0.21165319
  1.54016619
 -0.89509563
 -0.07269695
  0.70171967
 -1.96447003
 -0.05612672
  1.47577542
 -0.28478910
  0.46702061
  2.17738785
  0.36973102
 -0.71416975
 -0.38835135
  1.95443018
 -0.46556599
 -0.46790649
  0.07489441
  0.01513859
 -0.60825852
 -0.93876043
 -0.99394143
 -0.50582611
 -0.95412516
  2.25222267
  0.27509009
  1.01771686
  0.54817889
  0.96251888
 -1.09830072
  0.71427699
 -0.82986252
 -0.00725508
  2.14937210
 -0.77008570
  0.42013107
 -0.13105537
  0.73382449
  0.83015098
  1.27710205
 -0.25042071
  1.38713866
 -2.19516500
 -0.86022565
 -1.31134221
 -1.16507031
  0.72457111
  1.81781936
  0.51168199
 -1.07019460
  0.87819215
  0.12760686
  0.82769369
 -1.54018897
 -0.14426817
  0.02427107
  1.66718047
  0.67900778
  0.47085269
  1.63343006
 -0.92180230
 -0.98946631
 -0.69636765
 -0.08296445
 -0.16969921
  0.16658740
 -0.42207935
  0.27310688
  1.25483581
 -1.32856793
  0.70367551
 -0.07248828
 -1.87440249
 -1.59573057
  0.68773914
  0.39632856
  1.16589877
  0.93982912
 -0.89516791
  0.65995948
  0.42760696
  0.00160241
 -0.62196521
 -1.92550305
  1.08348946
 -1.22700482
  0.16359855
 -0.40622927
 -1.61023440
 -1.29053802
  0.55963733
 -1.28209232
  0.46830171
  2.04456219
  0.99171619
 -0.08683336
 -0.51771800
 -1.31575032
 -0.11674438
  0.66914494
 -0.77484385
 -0.72043731
  1.20272030
  0.45111900
  0.28632033
 -0.17042180
  0.62185061
 -0.45487647
 -2.38050778
 -2.30599093
 -0.27501544
 -0.42845106
  1.14919084
  1.15571223
  1.57721755
 -0.60825486
 -0.58280018
  0.34911498
 -1.03930152
 -0.20192747
 -0.38026111
 -0.48065703
 -0.44298947
 -0.90158374
 -0.92916074
  0.20250761
  0.62063576
  1.84412519
 -1.06304107
 -1.31983780
  1.22553188
 -0.91816821
  0.84730876
 -1.43990391
 -0.04620069
  0.55155453
 -0.41493961
  0.11885539
  0.84252660
 -0.98796845
 -1.29142380
 -0.75162994
 -1.37031097
  2.00599743
  1.51655528
 -0.32918542
 -1.59781986
 -0.45603621
  0.09960813
  0.06188093
 -0.47962760
 -0.72718014
 -0.35469685
  0.07161178
 -0.38691965
 -0.01596447
 -1.99246329
  0.80788146
  0.04090235
 -0.17639267
 -0.81013622
 -0.58450026
  0.36492814
  0.56912995
 -0.51817754
  0.12123046
  2.26725377
  0.57208346
 -1.00071531
 -0.45460550
  0.59786907
 -0.28266420
 -0.72404616
  0.32097120
 -1.41011910
  0.06731407
 -0.20726418
  2.05808394
  0.78795780
  0.43024669
 -1.64158719
  0.24695271
 -0.25793673
 -1.23949496
  1.03919805
  0.33988600
  1.10748740
  0.42537685
  0.71340522
 -0.40224723
  0.80650640
  0.30224343
  0.54424785
 -1.52664240
 -0.17490383
  0.67733594
 -0.49372573
  0.84818425
 -0.00068133
 -1.33624504
  0.09568367
  0.57273038
  1.24806776
  0.59306158
 -1.89579731
  0.66452908
  0.44057991
 -0.24734722
  1.53244387
 -0.20544338
  0.24303294
  0.99284906
  0.42537771
  0.10252419
  0.86696028
  0.24291761
  1.61466232
 -1.16090895
 -0.91635391
  0.09938659
 -1.58126165
 -1.31319325
  0.09633600
 -1.12505036
  0.47325385
 -1.27329257
 -0.14893058
 -0.61463344
 -0.75733177
  0.63689041
 -1.26579878
 -0.10960456
  1.19872707
 -0.64232755
 -0.64681999
 -1.51588165
  2.17175246
  0.61383481
  0.55964886
 -0.08208923
 -0.23481450
 -0.99367300
 -0.28095862
 -0.24301697
 -0.00065635
 -1.06738135
 -0.32168954
 -0.39872540
  0.38229188
  1.17563090
 -1.78966284
 -0.86797478
  1.35082590
  2.33883426
 -1.15415010
 -0.06842559
  0.13522891
 -1.83483067
  1.41042535
 -0.86990725
  1.21799788
 -1.15396411
 -0.62942219
 -1.48620186
 -0.93877096
 -0.07862451
  1.64407086
 -0.43013432
 -0.06329173
  0.63619971
 -1.32236597
 -1.63128672
  1.16598793
 -0.99285765
  1.58578181
  0.97686151
  1.41720071
 -0.45223116
 -0.89542977
  1.09009287
 -1.06130525
  1.14917334
  2.92459900
  0.18269529
 -0.06717908
  0.40655811
  0.34912407
  0.36445191
 -0.39943624
  0.25717201
  1.61491538
  0.17735317
  0.58497462
 -0.44856532
  1.04568373
 -0.09269942
 -0.54388005
 -0.34813412
 -0.75878069
 -0.16900146
 -0.60555693
 -1.20060466
  1.94746547
  0.21204427
  0.55047720
  0.50558954
 -0.94097234
 -0.09628716
  0.83863232
  0.45584908
  0.37840866
  0.67702474
 -1.19177335
  0.43570005
 -1.74247339
  0.11767258
 -0.17222461
  1.08880442
  1.91114260
 -1.28194585
  0.29429827
 -1.06512268
 -0.79582597
 -1.84016255
  0.69073723
  1.44818768
 -1.11664812
 -1.15260009
  0.38538325
  0.23997056
 -0.55538743
  2.13794909
  0.07758446
 -0.04907557
  0.88188461
  0.78802202
 -0.30283736
 -0.58785890
  0.98958737
  0.28013056
  1.23469434
  0.01851177
 -0.59242450
 -0.07703904
 -1.44862303
 -0.24758275
  0.68797174
 -0.13598482
  1.22192869
  0.53195235
 -0.61277929
 -1.31911824
 -1.49480895
  0.77654989
  0.17914218
  0.32632973
  1.36651055
  2.53722188
  0.66305405
 -0.20385646
 -0.18762598
 -0.50722095
 -0.16991299
  0.87559761
  0.83337967
  0.16137129
 -1.45743132
 -0.71173461
 -0.92395187
 -1.93521956
 -0.38005059
 -0.71571906
 -0.18835718
  0.83571931
 -0.77632482
 -0.04331768
 -0.56334571
  0.72606893
  1.30351606
 -1.77394751
  0.20248509
 -0.23535344
 -1.64759670
  0.56101746
  1.15605804
 -1.08683913
  0.96223531
 -1.72782315
  0.51841738
  0.79687737
 -0.13917945
  0.55664499
 -0.44698215
  0.58968253
  2.59878743
 -0.09844627
 -0.30858905
 -1.65921226
  0.21363451
  0.90413288
 -1.26975308
  2.90414763
  1.12052524
 -0.49665862
  0.66072376
  1.10766650
 -0.15919820
 -0.79464725
  0.09319616
  0.77887564
  0.26548841
  1.55890481
 -0.31384943
 -0.04257318
  0.62645218
 -1.05595661
  0.45804557
  0.17249151
  1.35844558
  0.39318603
  0.97276832
 -0.50973136
 -0.22179492
 -0.20093906
 -0.57175681
  0.50950963
  0.28767699
 -1.13209953
  1.85343645
  0.09693550
 -0.23326332
 -0.55892630
 -0.61451835
 -0.28206301
 -1.21185942
  0.94148445
 -1.03381010
  0.11290749
 -0.18993667
  0.15303284
  1.79921941
  0.00377432
  2.08864858
 -0.59109822
 -0.04447268
  2.35327256
 -1.07205913
 -1.34929228
 -0.42374111
 -0.02696275
 -0.13585382
 -0.73139491
  0.16378062
  0.50645540
 -0.68075984
 -0.48187557
 -1.83118360
 -0.39719184
  0.15818624
  0.22814673
 -0.34053639
 -0.91360627
 -0.14005130
  1.74476392
  0.34990237
  0.44135864
 -0.88966069
  1.89602838
  0.80977317
 -0.10947245
 -0.97504889
 -2.27864726
 -1.99735989
 -0.30000661
 -2.26903659
 -0.07158846
  0.37469120
 -1.03257227
 -0.32738337
 -0.78831803
  0.44776933
  0.43747277
  0.84332729
 -1.99038758
 -0.49442326
  0.08938655
  0.56860234
 -0.37411778
  0.36014663
 -0.25644849
  1.22866530
 -0.92228760
 -0.83762634
 -1.57334726
 -0.45640812
 -0.71006959
  2.33378640
  0.35292521
  1.00057444
  0.34423873
 -0.69362636
  0.12053793
 -0.71497243
 -1.06751621
  0.67568231
 -0.21760455
 -1.28454851
  0.71591071
 -0.28980087
  2.20606420
  0.61903840
  1.60030376
  0.70081768
  0.29086912
  0.19235032
  0.81299963
 -0.78873860
 -0.86747102
 -0.94142763
  1.84678408
  0.82981965
  0.51078598
  1.24667856
 -0.58339106
  1.21139492
  0.78157134
  1.16141815
 -0.24075517
  0.34237103
  1.54222526
  0.56504392
 -1.60215877
 -0.18902596
  0.29927723
 -0.54945746
  0.36287802
 -0.54415382
  0.89365724
 -0.53571063
 -0.74962483
  1.67366588
 -1.29433187
 -0.50349202
 -0.72190972
  0.92487188
 -1.07168670
  0.95711506
 -0.47048853
  0.97241689
 -0.15442293
 -0.66715714
  1.14061305
 -0.18180581
 -1.40260895
 -0.24825115
  0.10954527
  0.83158156
 -2.12107117
  1.73718163
  0.71035334
  0.05064740
 -0.11536071
 -0.38902698
 -0.00143730
 -0.90840797
 -1.17823317
 -0.11195007
 -0.69571341
  0.64235787
 -0.95870283
 -0.26055504
  0.09751334
 -0.49978890
 -0.74777987
  0.24116026
 -0.71832041
 -0.67564774
  0.73325154
  0.40519608
 -0.51604922
 -1.11277150
 -0.12166235
 -0.34584846
 -1.64519985
  0.62075537
 -0.56573831
 -0.43356186
 -0.49864216
 -0.91454683
 -0.75871680
 -1.20890202
  1.80331130
 -1.02127068
 -0.34064756
 -0.80685628
  0.80092031
  1.00614061
 -0.83387227
  0.90175006
 -0.70970772
 -0.29782157
 -0.79463773
  0.49465461
 -1.13783975
  0.53156181
  0.10938144
 -1.56265556
  0.49186767
 -0.91896534
 -2.12490010
 -1.63547567
 -0.01130305
 -0.04939731
  0.97546159
 -1.21129904
 -3.33350110
 -0.71930008
 -0.69290823
 -2.16188001
 -0.56027244
  1.25701143
  1.25289386
  0.28482180
 -0.49491227
 -0.36027225
 -1.24468850
 -0.00470507
 -0.48173139
 -0.40182811
  0.97558075
  1.80704266
  0.06631157
 -0.64668582
 -0.75614915
  0.12597674
 -0.34210993
 -1.11923885
  0.06116411
  0.53806710
 -2.29189465
 -0.34929753
  0.77238833
  0.98426360
  0.66527812
  1.02498425
  2.68342030
 -0.04820031
  0.45981519
 -1.55410504
 -0.62214999
  2.76959122
  0.36685089
 -0.14605581
 -0.67855115
  0.23929548
 -2.00305375
 -1.13602554
 -0.55229500
 -2.60374922
 -1.02921232
 -0.75366488
  1.34685237
 -0.40679904
  1.20860610
 -0.42945681
 -0.34463498
 -0.11335441
  0.59701225
 -0.90617391
 -0.31245278
  1.24519500
 -0.58274225
 -0.73567813
  1.36762966
 -0.53835197
  0.73073122
  0.45587918
  0.70338910
 -1.82740889
  1.67652154
  1.07946029
 -0.68523348
  0.45585546
 -0.35328381
  0.97341279
  1.02151282
 -0.74541868
 -1.65146268
 -0.82371965
  0.99071587
 -0.84701378
 -3.63153152
 -0.64848345
  1.52591678
  0.01070055
 -0.43876237
  1.26442859
  1.08073917
 -1.00215394
 -2.52004538
  0.70106312
 -0.92612637
  0.23291516
 -0.39295311
  0.44001996
 -0.07513057
 -0.68383644
 -0.43111000
  0.42140007
  0.44652831
  0.68664246
 -0.77122210
  0.34245711
  1.24099987
  0.83415396
  0.07625963
  0.69107658
 -0.99178493
  0.74395979
  0.26365391
 -0.74967008
 -0.00113515
 -0.55460706
 -0.27597721
 -0.04669094
 -0.64042887
  0.67820361
 -0.01426004
 -0.54382083
  0.76566065
 -0.86484552
 -0.35079695
  0.10281515
  0.32132512
 -0.81614771
  0.58849235
  0.66517697
  0.07293939
  1.12823152
 -0.87730985
 -2.85498006
 -0.44070416
 -0.83345702
  2.05883040
 -2.42015793
  0.95718064
  0.04276424
  1.92116837
 -1.04701354
  1.44739511
 -0.06156510
  0.14925530
  0.92798620
 -1.74295571
  1.43187122
  0.78538540
  0.09828997
  1.50842435
 -1.58570453
  0.79810336
 -1.35675585
 -0.98018014
 -2.00598917
 -0.53436804
 -0.89028672
  1.85152375
  0.45810759
 -0.52523183
  0.97234487
  1.11692841
  1.71705509
  0.74680633
  1.07634579
 -1.96161150
 -0.39644540
 -0.64371105
  0.23648491
 -1.45048213
  0.37022547
 -0.06683908
 -0.67664771
 -0.28787877
  0.47459694
 -1.31001851
  0.59179556
 -0.41589795
  1.61990557
  0.42430878
  1.59401568
  0.01908706
 -0.83868931
  0.64071234
 -0.71420758
 -1.26187040
  0.75735338
  0.57893788
 -0.49072755
  0.39684172
 -1.91427186
 -0.02618984
  1.78910738
 -0.31964508
 -0.69666360
 -2.56036226
  0.11915422
  0.31944794
 -1.85277949
  0.58690934
 -0.36588714
  0.38193621
  0.44268601
 -0.80195969
  1.09752134
  0.10479639
  0.46550841
 -0.87887241
  1.43191309
  1.18591911
 -1.46349293
  0.45264383
 -1.58028305
 -1.03793721
 -0.30037121
  0.49658290
  0.79453458
 -1.56870294
  0.19362973
  1.30828786
 -2.33773734
 -1.03931978
 -0.50760674
  0.14007315
 -1.11198368
 -0.95421687
  0.11874141
 -1.34866833
 -0.11788069
 -0.92542073
 -1.71726435
  1.19754608
  0.24542827
  0.13137906
  0.19659211
  0.12819071
 -1.33432670
 -1.31255625
  1.05398808
  0.02245236
  0.30526358
 -0.48198245
  1.50351446
  0.61669133
 -0.86413882
  0.14267213
  2.45604475
  1.06654099
 -0.10874224
  0.20223833
  0.15155692
 -0.02611566
 -0.75685232
  0.68866202
  0.71586294
  0.96711362
 -0.27426393
  0.65249957
 -1.59756781
  0.86939435
  0.60869261
  1.23347857
  0.52823451
 -0.63122348
  1.19602346
  1.39282416
  0.94324823
  0.70946152
  0.64070443
  0.72221575
 -0.38392237
 -1.30567760
  0.26059494
  0.60128836
 -0.37522366
  0.37295374
 -1.24737780
  1.86122505
 -1.82910114
  2.10164102
  1.04814418
  1.81585829
 -1.11271907
  1.94835076
 -0.69287336
 -1.46287160
 -0.49080926
  0.82598581
 -0.49812408
  0.40130603
  0.72274665
 -0.58119867
  1.11643346
 -0.03827532
 -0.81455153
 -0.37934673
 -2.25949165
  0.54079712
  1.90365175
 -1.32135776
 -1.27364382
  0.40957525
  0.16767081
 -0.44758530
 -0.04405821
 -0.67286632
  1.38636965
 -2.47285027
 -0.01364967
  2.43667540
  0.57027245
 -1.37457546
  0.86773858
 -0.88249647
  0.21597965
  0.76864931
  1.49424766
  0.41745834
 -0.63711699
 -0.70394479
  0.81882280
 -1.56417791
 -0.37194790
  0.11669181
 -1.35377114
  0.17577206
 -0.73784229
 -1.22464440
 -0.13083270
 -1.18539296
 -1.43654171
  1.18668504
 -0.16111481
 -2.26886156
  0.75507945
  0.41134590
 -1.29567195
  1.55038834
  0.14816071
  0.12572574
  0.10960660
  0.12549452
 -0.36572126
  0.84132565
 -0.68775790
  0.99638157
 -2.03288218
 -0.29869498
 -0.21164697
 -0.56955991
 -0.61039386
 -2.45017950
 -0.26175113
  0.09912064
 -0.47252232
  0.33533519
 -0.26231280
  0.85470108
 -0.64173655
  1.67775032
 -0.06877340
  0.30659283
 -0.41976545
  2.52788669
  0.00929064
  0.47261732
 -0.25642929
  0.49945413
  1.54021337
  0.47043030
  0.53479027
  1.42057299
 -0.44364686
 -0.13292637
 -0.54748038
  0.81244100
  1.28640440
  0.60795643
 -0.07200437
 -0.85482146
  0.46697862
  0.90004098
 -1.32455306
  0.77280440
  0.96930306
 -0.79267238
  3.70496217
  0.71420231
  0.15647594
  0.85610265
  1.39517858
  1.47683748
 -0.71346639
 -1.29268323
  1.37600196
 -0.26570288
  0.23247664
 -0.73719665
  0.90273622
 -0.33606912
  0.83971639
 -0.39652108
  1.00350090
  0.54394852
 -0.56554044
 -0.09314285
  0.01414880
  1.36962439
  0.91935386
  0.07915925
  1.61931574
 -0.56095746
 -1.15254711
 -0.17020977
 -0.14463608
 -0.44344879
  0.80034296
 -0.37864749
  0.73416334
  0.86269452
 -0.66478902
  1.28419890
  0.06056563
 -0.06730529
 -1.19752702
 -0.94230382
 -0.95727350
  0.48663730
 -1.11755259
  2.48574871
 -1.02836837
  0.49363560
  0.41753129
 -1.72657611
 -0.23211778
  0.14801240
 -0.15631003
 -0.06351753
  0.07041216
 -1.31258490
 -0.24086020
 -0.19524507
 -0.57448263
 -1.82768048
  1.82935485
 -2.07986054
  0.24430019
 -0.73115066
  0.52697392
 -1.67696781
 -0.34656928
 -1.05310966
  0.46431191
  0.63487724
 -2.26959974
  0.88801145
 -1.41939342
  0.87271624
 -0.50165369
  1.58146010
 -1.39531625
  0.98844842
 -0.07912614
 -1.13904573
  0.68914170
 -1.06717402
 -0.69975636
  1.34873515
 -0.84835839
  0.26548056
  0.43464326
  0.60801876
  0.65754685
 -0.57621195
  1.03150977
  0.44707631
 -1.73963017
 -0.30255538
  0.16037455
 -0.14977327
 -1.50782077
  2.08079602
 -0.62753021
 -0.60919940
  0.34758374
 -0.44771468
  0.65183025
  0.97446372
  1.20861238
 -1.14839669
 -0.24539699
  0.67583627
 -1.86424029
 -0.01036787
 -0.13945864
 -1.08623560
 -0.03606146
 -0.02325889
 -0.91178088
  1.02941673
  0.79160418
 -0.16678982
 -0.51690901
 -0.82721864
 -0.17074396
 -0.61697703
 -0.14560234
 -0.14543617
  0.70914439
  0.14829060
  0.73067151
 -0.41387928
 -0.82974192
 -0.53328360
 -0.09768839
 -1.27608966
  0.86853492
 -1.54529021
  1.02372044
  0.66434343
  1.44459481
  0.01668620
 -1.07862150
  0.29312020
 -0.90111097
 -0.20158389
 -0.39763855
  0.11489051
  0.14024640
 -2.55106707
 -0.36407979
  1.41960263
 -0.92834886
  0.61557130
  0.61295627
  1.49351340
 -1.89376861
  0.68360390
 -0.78555266
 -1.51490584
  0.27075295
 -0.42242506
 -0.82536084
 -0.47185331
 -1.83499531
  0.14092038
 -2.29835039
 -0.22518170
 -0.40495699
  0.50321207
 -0.89464998
 -1.32193347
  0.05353029
 -0.14260762
 -0.50974853
 -0.51613633
 -0.03021444
 -1.84258377
  1.05777603
 -0.40431939
 -0.16661760
  0.02487635
  0.15576263
 -0.17102195
 -0.34420995
 -0.49300826
  0.31945332
 -0.57243383
 -0.95826161
  0.51850616
 -1.33660968
 -1.42557484
  0.94035007
  0.82299401
  0.74189579
  0.63761625
  0.18463343
  0.14713670
  2.14883966
 -0.58754804
  2.12524875
 -0.74526227
  0.87002774
 -0.79559918
 -0.06624558
  1.24994178
 -0.54652686
 -1.77669053
  0.44139554
 -0.57829463
  0.84328566
 -0.84006248
 -1.98800044
  0.18145544
  1.05698413
 -0.17154537
 -1.89008199
  0.41754760
  0.56262438
 -1.44539750
 -0.04122898
  0.09331686
 -1.03963759
  1.20366467
 -0.27819535
 -1.81245681
 -1.91960989
  1.55386969
  0.36502330
 -1.78901405
  1.41664407
 -1.09247688
 -1.16923777
 -0.51611736
 -2.32248463
  0.33612322
 -1.42472672
 -0.20437885
  0.05560449
  1.22227712
  0.78392032
  2.37416705
 -0.55215705
  0.17423667
  0.68590924
  0.35578971
 -0.42631619
  0.14208100
  0.69156263
  2.00247266
 -0.43510709
 -0.13697593
  2.27739182
  0.33916501
 -0.72008135
 -0.67815058
  0.06203199
  0.69564249
 -1.05149895
 -0.52410047
 -0.12703159
  0.45040997
  0.24437319
  0.90507438
 -0.35592343
 -1.70459727
 -0.19795686
  0.34665917
 -0.58034717
  1.46236573
 -0.50780532
 -1.20616443
  1.18118821
 -1.66454649
 -0.65129611
 -3.26707401
 -0.92664863
 -0.56960272
  0.22197596
  0.30053978
 -1.74581411
  1.03306015
  0.70809243
 -0.56658027
 -1.16424074
  0.43083435
  0.90735458
  0.71952620
 -0.89071997
  0.83864643
 -2.35123791
 -1.05479368
 -0.06547083
 -0.06975800
 -0.36891547
 -0.53505713
  0.03023098
  0.14983597
 -0.51301838
  0.01340507
  0.86408767
 -2.17391096
 -1.34098519
 -1.05581480
  0.30759966
 -0.96204252
 -0.85958201
  0.00245282
 -0.60331414
  1.12863503
 -0.35088180
  0.38711480
  0.53014115
 -0.15651606
  0.14063159
  0.96001654
  0.83269527
  0.13473936
  1.28012208
 -0.43998311
 -0.83204042
 -1.61509218
 -0.20066066
  0.12759589
  0.98380619
 -1.03993946
  0.74449385
 -0.03813143
  0.41061496
 -0.22893446
 -0.34040321
  0.25312769
 -0.23814927
  0.71139683
 -1.22470298
  0.81771071
  0.24876390
 -0.96536228
 -1.58590114
 -0.62146170
  0.68845029
  0.39406378
 -0.53593293
  0.89363558
  0.47605219
 -0.23587047
 -0.50708990
 -0.47615877
 -0.77430186
 -0.76520198
 -0.38640655
  0.76400632
  0.87471452
  0.60203808
 -0.58346383
 -0.69750046
  0.45224481
  0.66033937
  0.53890385
 -1.25643570
 -0.63890063
 -1.03859218
  0.62401637
  0.14194436
  1.90465633
  0.51986394
  1.19390367
 -0.83678735
 -0.44431819
 -0.43407478
 -0.10925313
  1.30763494
  0.18491003
 -0.93174065
  2.07577479
 -0.05248703
 -0.43658311
 -1.21819244
  0.91711782
 -1.03197973
  1.26166044
 -1.39686337
  0.38512817
  0.29255986
 -1.99897175
 -1.22036238
  0.83249263
  2.49832558
  0.65885507
 -0.25452536
 -1.05210622
 -0.87501491
  0.20761103
  1.62625826
  1.27991184
 -2.09999696
 -0.98591687
 -0.41880106
 -1.38520811
 -0.40483228
 -0.08933861
 -0.55291947
 -1.22158978
  0.49797170
  0.39842862
  0.43567601
  0.62009879
 -0.58087469
 -1.68758950
  0.81646572
 -1.34447056
  0.32179989
 -1.02099961
 -0.42811423
  0.53540448
 -0.22329236
 -0.38732095
  0.24780640
  0.97932217
  0.12628141
  1.30660770
 -0.37767447
  1.21640820
  0.78875599
  1.03429322
  0.82082547
  0.11128998
 -0.11468697
 -0.31203711
  0.12356270
  0.19080403
  0.29789888
 -1.87333268
 -0.13518435
  2.39778670
 -0.99769899
  1.54824912
 -0.98993523
 -0.99038004
  1.11223356
 -1.05449800
 -0.30542012
 -1.30498214
  1.34420755
  0.92317392
  0.34659976
  0.75238988
 -1.29884158
  0.13339103
  0.02739389
 -1.50515500
  0.06390099
  0.32759291
 -0.65622731
  0.23811058
 -1.05324604
 -0.32944026
  2.10878606
 -0.13140070
 -0.89638035
 -1.86540728
 -0.25487501
 -1.14354034
 -0.44721947
  0.99380761
  0.42771912
  0.02728885
 -0.66904525
  0.01436545
  0.18782140
  0.23380146
  1.20346263
 -0.82088108
  2.63021641
 -0.63993313
  1.16154719
  0.36078389
 -0.12577407
  0.24712256
 -0.93196500
 -0.34779853
  0.68095384
  1.75925768
 -0.58106968
  0.46978710
 -1.16392761
  0.70491978
  0.59120575
  0.66002715
 -0.30375422
  1.04210719
 -1.10870115
 -1.46620502
 -0.21223881
 -0.00261659
  0.36258519
  0.53470819
 -0.02731288
 -0.50808778
 -2.00375626
  0.52716813
  0.95384736
  0.79476694
 -0.70353400
 -0.04045236
  0.17384331
  0.55050242
 -0.69484258
 -0.49980822
 -0.44703905
 -0.64102370
 -0.79809072
  1.24795846
 -0.30643869
  0.27169537
 -0.46402800
  0.70089614
 -2.90390852
 -0.20513114
 -0.42750228
  0.15956199
  1.57093360
  0.48634707
  0.10098802
  0.11963470
 -1.66842143
  1.21163362
  0.15535756
  0.09894674
 -0.15562532
 -0.94968921
 -0.74776205
 -1.65852184
 -0.41483806
 -1.81101496
 -0.66033702
 -0.34450145
 -1.31955425
  0.64714185
 -0.54560805
 -0.26296180
 -1.87135366
  0.92465405
  0.83227268
  1.28021178
  0.40311980
 -1.82261902
  1.80543639
  0.44681411
  0.36476819
  0.40888610
  2.11688165
 -2.30683231
  0.47661744
  0.93128540
  0.24941016
 -0.98383269
 -0.05038089
 -0.79781296
  0.63001177
 -0.41089841
 -0.18816931
 -0.39132031
  0.08859948
  0.03212682
  0.81146312
  1.15828051
  0.24662196
 -1.51988147
  0.22118991
  0.17441530
  0.24824110
  0.39518570
 -1.23161216
  0.79045160
  0.45857816
  0.69530369
 -0.01516709
 -2.02215580
 -1.39438077
  2.60049263
  0.61755086
  0.63008593
  0.82852982
  1.45492207
 -2.75840327
  0.52055846
 -1.50234113
 -2.02985445
 -0.62096070
  1.07843600
  0.44159970
 -0.16203844
  0.02108344
  0.85539664
 -0.65686798
  1.10214978
  0.61338735
 -1.58814683
 -1.30988874
  1.75114503
  1.61388670
 -2.40424239
 -1.65521625
  0.62473158
 -0.16123524
  0.26112815
 -0.50941639
  1.26632720
 -0.68871987
  2.28003695
 -1.09816979
  0.31461734
 -0.10962552
 -0.19779337
  1.16530099
  0.30305431
  1.58292166
 -0.65237514
 -0.72058306
 -0.51830266
  0.30768485
  0.64118522
 -0.03054870
  1.54781254
 -0.24730436
  0.68853515
 -0.70336864
 -0.29450125
  0.26202942
 -1.11966291
 -2.35117216
 -0.40617404
  1.56184055
 -0.53853481
  0.39612844
  0.38637895
 -2.10514064
 -0.81883687
 -0.22808237
 -2.04577520
  0.05243849
 -1.81791068
 -0.17871841
  0.09427655
  0.00231833
  1.42495950
 -1.22295115
  0.64650912
  0.56914898
  2.31898946
  1.66081454
  0.67124091
 -1.12315797
  1.20285803
 -0.22010281
  0.53502596
  1.41309325
 -0.50175191
  0.62759677
  0.74848014
 -1.10377508
 -0.43173332
  0.36072108
  0.74006140
 -0.11869850
  0.56503126
  0.61069789
 -0.28279526
 -1.93192604
 -0.18500124
  0.28133563
 -0.29129534
 -0.08262415
  1.27238252
  1.11286595
  1.24947319
  0.78765174
 -0.94158269
  0.44419132
 -0.82026654
  1.73912983
  0.42360423
  0.36139986
 -0.23977601
  1.08195878
 -1.19504527
  1.15285478
 -1.74429416
 -1.27225101
  1.37601624
  0.17114354
 -0.02394992
  0.33026980
 -0.99147902
  0.39711701
  0.24014678
  0.86620065
 -0.79897922
  0.74464404
  0.06054777
  2.43053312
  1.58322628
 -0.06976642
  0.98373875
 -1.19214899
 -1.43146758
  1.09835277
 -1.70559859
 -0.16734374
  0.60914929
  0.61601015
  0.12468681
 -0.34802345
 -0.82921453
 -0.56236123
 -0.64964090
 -0.34996733
 -0.25702598
 -0.65303041
  0.59227560
  0.27706328
 -0.00161749
  0.48419740
 -1.38216589
  1.58764627
 -1.35026073
 -0.49477740
  0.59321272
 -1.44771536
 -0.22089573
 -1.08009498
  0.31123174
  0.63566656
 -0.72798678
 -1.42106389
 -1.89750291
  0.36414261
  0.56275306
  0.46571819
  0.31965451
 -1.27871293
 -0.10681662
 -1.68948686
  0.58989222
 -1.15481600
  1.15307451
  0.73120484
 -0.08564617
 -0.54708533
 -1.54472862
  0.04703017
 -1.44209289
  0.41904595
 -1.48872087
 -1.90696045
  0.10034005
  0.03203230
  0.30268727
 -1.65800924
 -0.06752725
  0.25780432
 -0.26610701
  1.15735592
 -0.23242801
 -1.68620722
 -1.44355078
 -0.13784277
 -1.42545306
 -1.00356142
  0.54422834
  0.76743425
  0.65470888
 -0.93899856
  0.63848756
  0.24471660
  1.40947248
 -0.17095505
  0.18142801
  0.67462309
  0.45861980
 -0.03482741
 -0.94650827
 -0.18041952
 -0.06636910
 -0.65175849
  0.40118270
 -1.75267504
  0.31081439
  1.61210525
 -0.26225645
  0.49986924
 -0.12963452
 -2.30158454
  0.82667622
  0.41850156
  1.03699538
  0.08136202
 -0.16553566
  0.90798263
 -0.28865720
  0.49545180
 -0.34865972
 -1.55831305
  0.18265050
  2.15626780
 -0.70169455
 -0.05311974
 -0.41038993
  0.33056276
  0.23289110
  0.99853931
  1.87879235
  0.55739520
  0.49185463
  0.96282004
  0.57455080
  0.28179154
  0.86437697
  1.07400268
 -2.48247203
 -1.49704093
  1.31072569
 -0.02217044
  0.99752743
  1.46686252
  0.41351416
  3.28860650
 -0.20181992
 -0.04576065
 -0.02327309
  0.70466617
 -0.38789598
 -0.02987584
 -0.56511311
 -0.71993968
 -1.04352870
 -0.81767390
 -0.99206788
  0.02753010
  0.20598451
  0.38017274
 -1.83255292
  1.69210679
  0.17376001
 -0.71763562
  0.77862409
  0.60839542
  0.34559269
 -0.88459172
  0.62307145
 -0.09620615
 -1.55237247
  0.09170506
 -0.70980077
  1.09034262
  0.04570449
  1.88958105
 -1.63406177
  1.09200967
  0.25878349
 -0.55110811
  0.03210849
  1.59491695
  1.15034448
  0.69318434
 -0.70809334
  0.50649064
 -0.89381551
  0.20860157
  0.93624780
  0.53019585
 -2.09911054
 -0.78538707
  2.23325869
 -0.05797871
 -2.40400292
  0.04400753
  0.19280028
 -1.36738401
 -1.38813017
  1.01893030
 -0.98884478
 -0.62665465
 -1.02252731
  1.80776112
  1.00793843
 -0.77055451
  0.19076457
 -0.08984924
  0.38908782
 -0.45959654
  0.96958826
  0.17704435
 -1.14122504
  0.40180251
 -0.73864288
  0.00436660
 -1.04874536
 -0.91526630
 -0.72779675
 -0.70998782
 -0.80384750
  0.12799413
 -1.01541312
  0.73711543
 -0.76673615
 -0.43787660
 -2.28442568
 -1.34029773
  0.43990078
  0.32104048
  1.48833649
 -0.17634617
 -2.24837491
 -1.26276546
  1.19761285
  1.11438388
  1.30665767
 -0.43542466
  0.97385604
  0.30797762
 -1.16731127
 -0.24985749
  2.06298048
 -0.91551517
  0.15238753
  0.08248291
  0.27972182
  0.82906227
 -0.01499898
  0.73459393
 -0.36918940
 -0.76912709
 -0.75353092
 -2.08261758
 -0.12367569
 -1.15351111
  1.14426604
 -2.26290969
 -0.44128299
  1.52603697
  2.03603197
  2.39209720
 -1.54675818
  0.75503183
  0.63964443
 -0.31869498
 -1.32972802
  1.10045291
 -0.29157357
 -0.37151359
  0.80330872
 -0.71360656
 -1.95740896
  1.37718014
  0.06318453
 -0.96869476
  2.16117614
  1.84351567
  2.16570383
 -0.00595220
  0.34782312
  0.21473673
 -0.25411076
 -0.39239351
  0.32080301
  1.58888417
 -0.89632595
 -0.03853270
 -0.86316857
  0.88635298
 -1.16365793
  0.20877189
 -1.19970512
 -0.79164689
  0.55930236
  1.33007729
  0.20262957
 -0.43186833
  2.19273609
 -1.11017689
  0.79868103
  0.22236608
 -0.38898603
 -1.56610725
  1.45224875
 -0.85973741
 -0.42908557
 -0.32838637
 -0.22991906
 -1.30403881
 -0.17978861
 -0.26510950
  0.33439915
  0.60818620
 -0.16649605
  0.69942497
  0.81846018
 -0.73968119
 -0.63179994
  0.96872238
  0.88875528
 -0.46976256
  0.04679086
 -0.04352496
  1.51172253
  0.57566513
 -0.76876605
 -0.38344362
  0.28124795
 -0.87755709
 -0.11202806
  1.63440487
  0.45932347
  1.01087652
  1.63642887
  0.04080451
 -1.02239259
 -1.72853340
 -0.41149922
  0.69066941
  1.64073551
  0.08406174
 -1.23501944
 -0.02102979
  0.42808827
  1.27669601
  0.58195467
 -1.38508480
 -0.14164942
 -1.47580238
  0.13169791
  1.00306529
  0.50425443
 -0.82502710
 -1.41627831
 -1.67834442
 -1.21690945
  1.63957165
 -1.43509692
 -0.03703300
  0.03147719
  0.52975689
 -0.44096540
  0.07316790
 -0.26701396
 -0.36934942
  0.31241687
  1.00741093
 -0.74583449
 -0.65199448
 -0.48675299
  0.84792385
  0.21331443
 -1.02846118
  0.52255564
  0.10340055
 -0.34370767
 -2.23299365
 -2.33247448
 -0.07053401
  0.79831554
 -0.80846935
 -0.04235518
  0.30242844
 -0.50330999
 -0.56985812
  1.58080747
 -0.74958141
  1.14918330
  0.79102688
 -0.44496956
  0.90189551
 -0.06876807
  0.60143712
 -0.06780887
  0.72840794
  0.62860482
  1.50197517
  1.31544629
 -1.49399099
 -0.03010277
  0.57967085
  1.03207039
  0.29099932
  0.61885903
  1.02211033
 -0.56578470
  1.70363288
 -0.19177811
  0.67212079
 -0.27126739
  1.42573333
 -0.37943285
  0.92500901
  0.96537952
 -0.41941623
 -0.50045197
 -0.08213061
  0.90899907
  0.16250849
  1.96654684
  0.12069458
  0.53166704
  0.40503514
  0.30843653
  0.69093358
  0.87029030
 -0.74324180
 -1.14900365
  0.57073929
 -0.07909670
  0.84744747
 -0.66714856
  0.34378992
  0.20465706
  1.26796301
 -1.08187328
  0.45788092
  1.28209742
 -0.42250846
 -1.32932386
  1.01156331
  0.70933259
  0.57550624
 -0.65377049
 -0.62217519
  0.27786778
 -0.10565004
 -0.10957409
  0.90830478
  0.40537782
  0.70654339
  1.74123142
 -2.02869910
  0.64453750
  1.54374400
  0.16630960
 -0.39828080
  1.78341394
  0.32230034
 -0.14269866
 -0.82257469
 -0.66147437
 -0.01020225
  0.44971575
 -0.19181514
  0.31635136
  0.89946561
 -0.61841502
 -1.20668365
  0.17072513
 -1.53690616
 -1.16232209
  3.81183913
  2.99198256
  0.35141029
  0.24057459
 -0.89067862
  0.28730519
 -0.13584019
  2.24780334
 -0.48020598
 -1.18092644
  0.42177284
 -0.34870539
 -0.71501231
 -0.16273848
 -1.84696867
  1.23444334
  0.34959105
 -0.16909354
 -0.91872305
  0.87619200
 -1.87570344
 -1.89825747
 -1.42585955
  0.22673223
 -1.04902422
  2.19389615
 -0.52912487
  0.07843468
 -1.01242772
  0.09487397
  0.90971467
  1.63224088
 -2.23006014
  0.10473350
 -0.40212905
  0.54277632
 -0.71326460
  0.34854176
  0.82682912
 -0.99109913
 -1.07849673
 -0.07426340
 -0.42803306
 -0.63393086
 -1.50227675
  0.88716658
 -0.42885154
 -1.97606607
  0.12918188
 -0.93803841
  0.53263004
 -1.13395627
 -0.76157980
 -2.66169009
 -0.57380602
  0.55123613
  0.27399231
  2.01642050
  0.04920049
 -0.04648999
 -0.67807134
  0.51923247
  0.47694590
  1.45204743
  0.09249013
 -0.98802642
  0.46529326
  0.26379777
 -0.42946967
 -1.68439318
 -1.10717758
 -0.92736965
 -0.05573610
  1.36506370
  0.92222277
 -0.58982268
  0.72699602
 -0.23283553
 -1.37301400
 -1.71358627
  0.22141232
 -1.35343131
 -1.27655438
 -0.59737919
  0.70441567
  1.31527897
  0.31716869
 -0.44841395
  1.71201215
  1.56867144
  1.34365436
  0.39934254
 -0.18068607
  0.96336941
 -0.89501933
  0.93828591
 -0.29961840
 -0.11170539
 -0.08582323
 -0.84118305
 -1.19004646
  0.59218662
  0.97576648
 -1.33036107
  0.34743341
  0.10409550
  0.12325362
  2.05694172
  0.40077856
 -0.20427504
  0.19395381
 -0.67417592
 -2.30349362
 -0.23888787
  1.20660096
  0.28269747
 -0.01889924
 -0.12407684
 -0.17618893
 -0.85626795
  0.14808306
  0.58443835
  0.09711823
 -0.37430653
 -1.39481487
  0.67450593
  2.21137653
  0.88631265
 -0.27528358
 -1.49178453
  0.44269879
  1.19207236
  1.36530939
  0.92328956
  1.20176007
  0.42491521
 -1.64147230
 -0.12358306
 -0.18362391
  0.23639433
 -0.13786777
  0.52638550
  0.10941483
 -0.66763109
 -0.47147012
  1.51479579
 -0.43711023
  0.44505743
  0.85948554
 -0.01646040
  0.27585130
 -0.50044192
 -0.59499924
 -0.02489393
  0.69983263
 -0.20545730
 -0.30939297
 -0.98300698
  0.95242875
 -1.44020302
 -0.29620117
  0.75456482
 -1.32092049
  0.53729764
  0.15613198
  0.98754538
 -0.68125173
  0.14763511
  0.30627407
 -0.39640164
 -0.66363948
 -1.15235871
  0.75014335
 -0.26023455
  0.71111691
 -0.74089989
 -0.37952227
  1.49712575
 -1.37497267
 -0.32630776
 -0.52875775
  1.39442145
  1.25069146
  1.09689001
  0.09372490
 -0.75342682
 -0.09273209
 -0.38785822
 -0.45794905
  2.24198729
 -0.66988912
 -1.20510989
 -0.09737214
  0.29472087
 -1.69455237
  0.31338261
 -0.15720460
  0.09895626
  2.08927180
  0.15422570
  2.34900783
 -1.30414303
  1.10537375
  0.70449244
 -1.43211746
 -0.85600483
  0.08393719
 -2.09094552
  0.49943608
  0.60513506
  1.18217619
  0.81121925
 -0.25594904
 -0.35858163
 -0.49926382
 -1.16491107
  0.09279038
  0.12836448
 -0.15039483
 -0.34789085
  0.95790962
  0.94965202
 -1.68773575
  0.26741314
 -0.68797869
  0.41486111
  0.47101989
  1.04551316
  1.19597478
 -2.15398727
 -0.12445962
 -0.14561868
  1.25358074
  0.44784656
 -0.65627462
 -0.56374371
  0.38133886
 -1.71046701
  1.10075954
 -0.78851992
 -0.37233610
  0.02064965
 -0.30804357
 -0.50850864
 -0.53321842
 -0.98612203
 -1.07466120
  1.10081874
  0.08769393
 -1.59147206
  1.98908618
  0.26188667
 -1.04700994
 -0.27474836
 -1.42984925
  1.11283325
  1.63062321
 -0.24472229
 -0.11068641
  0.16642991
 -0.37782771
 -0.44853692
 -0.81713891
 -0.52965972
 -0.19925069
  1.33186352
 -1.00610266
  0.80269910
  0.09628613
  0.96615313
 -0.28499380
 -1.00006688
 -0.12262578
 -1.09310338
  1.37516382
 -0.32642254
 -0.61644561
  1.61338877
 -1.21881704
  0.31621573
  0.54021830
  2.11608541
 -2.30065933
  0.36384097
  1.05714290
 -0.10302338
  1.03817648
  0.40741983
  0.16291237
 -0.25766276
  0.21079849
 -0.87133610
 -0.43506694
 -0.46978871
  1.05149575
 -0.02401049
  0.49019401
 -0.88584464
  0.91961892
 -1.01970269
  0.46780093
 -0.40243605
  0.10284612
  0.10617476
 -1.19787662
  2.19948112
 -1.07605567
  0.81674340
  1.05448725
 -2.46382883
  1.27029649
  0.07100711
 -1.20348681
 -0.11282886
  1.22328297
  0.16514572
  1.09769830
  0.09210486
 -0.18864213
  0.58889207
 -1.38759963
  1.23684274
  0.35834990
 -0.77428268
  1.14201157
 -1.31359080
 -0.07939643
 -1.19726414
  0.03108036
 -0.96902039
  0.03352506
 -0.36070594
  1.34059811
  1.41733874
  0.24707525
  0.33360276
  0.96026000
 -0.90434227
 -0.06378851
 -1.55966342
  0.58218567
 -1.47693967
  1.04018087
 -0.65399762
 -0.57951158
 -0.24096850
 -0.47623692
  0.56834081
  0.42539203
 -1.28251173
 -0.89893731
  0.73253081
  0.39603701
  0.93359343
 -1.35522356
 -0.15735102
  1.10742572
 -0.25189492
  0.43779498
  1.43711441
  0.72108096
  0.28707018
  1.09129853
 -0.42622893
  1.00191007
 -0.67206265
  0.17921744
 -1.46624287
  0.07139987
  1.33543867
 -0.83247244
  0.94702271
  0.41503769
  0.62531069
  0.70934070
  1.07553977
 -0.89897749
  0.22224789
 -0.29033219
  0.73412282
  1.25166354
  0.22356779
 -0.10660897
 -0.81139672
  1.38877180
 -0.71806844
  0.43561380
  0.13910347
  0.68639729
  1.61904502
 -0.74170001
 -1.63353694
  2.47357683
 -0.14435538
  0.97310459
  0.04097413
  1.58664787
  0.34899937
  0.31274516
  0.04831995
  0.50164405
 -1.55125600
 -2.52185880
 -0.14119337
  0.10287080
  0.71064042
  0.94418470
 -0.67776504
  0.59010922
 -1.31734720
 -0.94268188
  1.16915599
 -0.56253538
  1.08309214
  0.08896484
  1.78625644
 -0.73828548
  0.66141376
 -0.15579353
  0.39317623
  0.82758299
 -0.35589995
  0.88118030
  0.02222348
  0.36148382
  0.38295200
  0.71044534
 -0.97429884
  0.11042999
  0.27495083
 -0.13561978
  1.51954434
 -0.76566261
 -0.43790305
 -0.58626864
 -1.87679441
  0.05773732
 -0.80324369
  0.48917330
 -1.50836697
  1.31677215
 -2.71090167
 -1.64211039
  1.05331703
  0.27374034
  0.25911981
  0.93352469
 -1.80695082
  0.20239779
 -1.59977598
  1.59809368
  1.71664787
 -0.40958135
 -0.44376092
 -0.05193210
 -0.02275538
 -0.22142341
  2.60281352
 -0.18542512
 -1.05202038
 -1.28154892
 -0.63500858
 -2.61152817
 -0.20752587
 -1.55823567
  1.09004648
  0.36805733
 -1.12272998
 -0.61825785
 -0.50195967
  0.93635512
  0.19952084
  0.41365631
 -0.74406386
  1.03267216
 -0.02277932
 -0.25060025
  0.36937750
 -0.96299643
 -0.14625148
  0.21663381
  0.29947541
  0.81531820
  0.48657294
 -0.51032808
 -1.60877593
  1.22692558
  1.31122092
 -0.79394080
 -1.00626787
  0.70200914
  0.92970598
 -2.08132697
 -0.75579882
  1.89859926
 -1.31944993
 -0.13371798
  1.08933910
 -1.20250516
  0.15924491
 -0.46372451
  1.38551979
  0.31815675
  1.64066951
  0.09099278
  2.28156156
 -0.25141413
 -1.19173282
  1.14769750
 -1.31756767
  0.56165879
  0.94815183
 -0.42662365
  1.32155628
 -1.78860895
  0.36490133
 -0.72269961
  0.89523350
 -0.62767738
 -0.46609350
  0.79619560
  1.12879427
 -0.80037414
 -0.76489978
  0.80788631
  0.15488624
 -0.46985764
 -0.31865951
  0.59364895
 -1.22353984
 -1.41026068
 -0.13026202
  0.39183464
 -1.60635761
 -0.00545622
 -3.42849785
 -0.38475153
  0.73929458
 -0.19114418
 -0.25181197
 -0.13685604
 -0.36789674
 -0.19840600
 -0.83417683
 -0.29776214
  0.56454466
  0.80908332
 -1.28649034
 -1.29706352
  1.48747364
 -0.61399363
 -0.40947454
  0.38792582
 -0.78403710
  0.71148194
  0.15067923
 -0.41565196
 -0.87810189
  0.13247983
  0.81908312
 -0.19492772
 -1.25322774
  0.11047978
  0.45713065
 -0.77773266
  1.86075233
  1.91448686
  0.26950686
 -0.30352734
 -0.07780237
  0.31635518
  0.05654092
 -0.57306959
 -0.98887691
  0.60078560
 -0.71045340
 -1.52317770
  1.31582285
  0.78455369
 -0.70206665
  0.16988630
 -1.40729844
 -0.27006063
 -1.07912903
  0.48848820
 -0.52508211
 -0.11834162
 -0.66470568
  0.07164014
  1.57829043
  0.00762339
  0.30387791
  1.22501507
  0.82936125
 -0.51207689
 -0.25846934
 -1.23072978
 -1.66011754
 -0.72738251
  0.61929607
  1.03476766
 -2.30424815
 -0.76098570
 -0.94892446
 -1.15816082
 -0.58174177
  0.67217815
  0.51094051
  0.45215525
 -1.04685782
 -0.38178287
  1.55160887
 -0.44707709
  0.16020455
  1.71423346
 -0.03683231
  0.13710838
 -0.79964944
 -0.23460544
  1.55232306
  0.27136242
 -1.57398196
 -0.69335887
 -0.81559252
  0.91893744
  0.56925737
 -1.77237283
  1.99668209
 -1.06743001
  0.14549338
  0.29707854
 -0.64107341
  1.09863753
  0.82919335
 -1.94173149
  0.63703940
 -2.14813866
  0.65184185
 -0.24663746
 -1.26063599
 -0.45398227
 -1.64081556
  0.94722239
 -0.40427714
 -0.37798858
  0.52998864
  1.23736953
 -0.50387480
  1.52824540
 -1.78814667
 -1.50355856
  0.62702290
  0.71360138
 -3.46732677
  1.72107211
 -0.34069774
  1.19496900
 -0.35327506
  1.87168496
 -0.23515138
 -0.75031422
  0.28012363
 -0.13757973
  1.64445832
  0.26068053
 -0.68338311
 -0.46516297
  1.00459080
  2.69853874
 -1.74596201
  0.16718716
 -0.77107768
  0.63791634
  0.59025155
 -0.05529196
  0.56914304
 -1.10905786
 -2.37017930
  0.97936185
 -1.02300730
 -0.71113961
  0.32687538
 -2.09564382
  2.34003749
  0.12469031
 -0.98240022
  0.77819519
  0.25571341
  1.55654944
 -0.34039887
  0.86095941
  1.23687861
 -0.14391603
 -1.26854080
 -0.16929619
 -0.93531226
  0.40619138
  0.71614846
  0.82380347
 -0.03546851
 -0.67334375
  1.78787194
 -2.01427712
  0.11931953
 -0.90397029
 -2.01263347
  0.26527980
 -0.80150329
 -0.64712735
 -0.54698719
  1.34521825
 -0.27147381
 -1.52068802
 -0.30592583
  0.24273284
  1.50091295
 -0.49238456
  0.27075576
 -0.16529652
  0.22094903
 -1.54232815
  0.63456793
 -0.30028112
 -1.57930001
  2.31401046
 -0.28807623
 -0.40353461
 -0.59390190
  0.19909115
 -0.32125703
 -0.00787396
  0.56003224
 -0.11946193
  1.73711429
 -0.00842154
  0.35328802
  1.54096016
 -1.43842014
 -0.33563148
 -0.53691495
  0.80139126
  1.39488679
 -1.72570662
 -1.33536651
 -0.63684106
 -0.99897698
  1.23540718
  0.88103094
 -0.21108278
  0.18701305
  1.68514558
 -0.32581489
 -0.90542259
  0.53611514
 -1.28835702
  0.07726209
 -0.70260234
  0.13158608
  0.73470605
 -1.34095953
  0.19061600
 -0.55739728
  0.71310916
  2.12881432
  1.16348923
  0.83244151
 -0.11476329
 -1.09243296
  1.80952100
  0.08836897
  0.02831791
 -1.65196828
 -1.54675994
 -1.18045739
  1.17240645
  0.65904535
  0.57799406
 -0.62226241
  1.80018339
 -0.15183688
 -0.32267947
 -1.27384598
 -0.39421901
 -0.60786179
  0.25673891
  0.44333452
 -0.39336327
  0.04658283
  0.05117012
 -0.48577110
  1.19363496
 -1.03509785
  0.06847010
  1.03588141
 -1.10102612
 -0.28346413
 -0.61983274
 -0.75666473
 -0.30554447
 -1.32349739
  1.45852154
 -1.06509401
 -0.79046361
  0.67480996
  1.58781439
 -0.81038825
  1.14490852
  0.22848051
  1.00422897
  1.43863206
  1.09007361
  0.71487058
  1.15873059
 -1.14399424
 -0.86526655
  0.62786568
  1.12385537
  0.05467198
 -1.14754157
 -0.01417122
 -2.09091348
 -0.40477295
  2.96177867
 -0.23309153
 -1.01183921
  1.10542432
 -0.69763805
 -0.96867424
  1.39427666
 -1.68971743
 -0.87317170
 -0.58457885
  0.71689926
 -1.17608517
 -0.88205834
 -0.29658512
  0.71172767
 -0.34938391
 -0.34512247
  1.13547810
  0.66216785
 -0.90126739
  0.08324298
 -0.26514758
 -0.08869238
 -0.61635454
 -0.28500372
  0.19168682
  0.47950120
  0.04495253
 -0.03129561
 -0.07035186
  0.50461735
 -0.46749151
 -0.48560260
 -1.00972349
 -0.77251521
  0.89879286
  0.71541724
 -1.75713128
 -1.70806000
  0.77439490
 -0.88604894
 -1.95918297
  0.91252674
 -0.53922560
  0.23939522
 -0.84724071
  1.93744312
  0.45024704
 -1.33553823
  0.70353410
  0.47793956
 -0.49025472
 -1.14072461
  0.51667893
 -0.52748376
 -0.76232509
 -0.53316613
 -0.11263488
 -2.44349904
 -1.34466966
 -0.05717044
 -1.72619550
  0.06257609
 -0.49102349
 -0.52928058
  0.88999122
 -1.93602592
  0.80147619
 -0.84815114
  1.98969473
 -1.11657245
  0.83956698
  0.99241539
  0.29607343
 -0.26253795
  1.30998562
  1.03734959
  0.28557747
  0.48109592
  0.72150890
 -0.26378823
 -1.60871590
  1.63913779
  1.92330235
 -0.52581266
 -0.52794435
 -0.41532550
  0.24823965
  1.54568315
  0.21147984
 -0.96891142
  1.43613391
 -0.60381072
  2.31525928
 -0.15361346
  0.83735424
  0.65781955
  1.25953327
 -0.62522844
 -0.19227319
  1.72945170
  0.69377644
  0.45515613
 -0.12358999
 -1.37584529
 -0.10437458
 -1.07114477
  0.09728381
  0.13921383
  0.12157538
 -1.69561026
 -1.66586185
 -0.08261577
  0.33127412
  0.75921914
 -0.51913196
  0.18050050
  0.84106602
 -0.46380488
  0.80663104
 -0.39034850
  0.03601517
  1.95590196
  0.06218066
  1.36250396
  0.30001287
 -1.58097401
 -0.36103246
 -0.24395768
  0.97998193
 -0.85365503
 -2.16076647
 -0.09963635
 -0.47992594
  1.03972723
 -0.28403095
 -0.28962368
  0.16520101
 -0.56223584
  1.46851817
 -0.92711123
  0.09769656
  0.50901368
  0.39994391
  0.15236680
  1.65584830
  0.13633004
 -0.90978783
 -0.96842666
  1.12987984
 -0.22223847
 -0.35316017
 -1.55779248
 -0.74236624
  0.45230160
 -2.32860399
 -1.33862197
  2.24506215
  0.46518422
  0.44899656
  0.72291956
 -0.65523787
 -0.62953483
  1.74726597
  1.16494862
 -0.09799887
 -0.73844962
 -0.82538497
  0.65192625
 -0.75715387
  0.84961536
  0.68679382
  0.62744661
 -0.66032480
 -0.13375746
  0.00563706
  1.29445394
  1.74166656
 -1.09626478
 -1.53992438
 -1.12088340
 -0.58473225
  0.53880248
 -0.28428522
  0.25769491
  0.66926153
  1.32696203
  1.17314876
 -0.26537430
  2.33328718
  0.39533890
 -0.28377554
 -0.50286537
  0.75345001
 -0.20502357
  0.66059892
  1.03364190
  0.35412094
 -0.17753552
  0.82522191
  0.85756279
  0.44180027
  1.20111792
 -1.02491301
  0.72756362
  0.12966220
  0.34142452
  1.98909472
 -0.67607965
 -0.29563273
  0.43845820
 -0.63822636
  0.80751206
  2.12114479
  0.46246241
 -0.66671556
 -0.58833609
  0.65247339
  0.57081088
 -1.56393023
  0.67811831
  0.75804370
  0.02910146
  0.82225443
  0.10444827
  1.00164721
  1.20719321
  2.22414793
  1.22528870
  2.48009613
  0.46351629
 -1.17071821
  0.33449657
  1.04147078
 -1.33544493
  0.06795379
 -0.15778598
  0.80719882
  0.18750275
 -1.92156837
 -0.47723944
  0.28930824
 -0.62844073
 -0.46693122
 -0.16342789
  0.01561262
  0.36216914
  0.41711927
  2.50380178
 -1.20844263
  0.84077495
 -1.76425568
 -0.00654927
  1.74363653
 -0.88088335
 -0.71189215
  0.83515219
 -0.99345911
  0.05066659
  0.72129269
  0.81780198
  1.28378476
  2.09931442
 -1.68509469
  0.87902762
  0.34106712
 -0.91891068
 -0.48693096
  0.34526203
  0.72558711
  0.89020664
  0.21169271
 -0.77053448
  1.29188500
  3.36484914
  0.26898582
  0.33219772
 -0.64032063
  0.58803177
 -0.01326566
  0.30556399
 -0.11433537
  0.60568818
  0.35934029
 -0.81758184
 -1.07694318
 -0.75810459
 -0.17965422
  0.08874459
  0.26452219
 -0.50870403
  0.22788207
 -0.01715891
  0.83821458
 -0.97752334
 -0.30642832
 -0.15418332
 -0.28692326
  0.94736273
  0.06883709
  0.50193784
 -0.96637257
  0.19023890
 -0.75787215
 -0.50821784
 -1.16444006
  0.21128465
  1.19043952
  0.25028360
  0.90033559
 -0.20792306
 -0.19814450
  0.36854233
 -0.05168854
 -0.45216707
  1.09644237
  2.03237476
 -1.88743144
 -1.88781960
 -0.22237425
 -1.40026391
 -0.36870376
  1.15995332
 -0.41801491
 -0.85797614
  0.72473937
  0.35847447
  1.05325672
  2.49086596
  1.18789481
 -0.04718004
  0.35188431
 -0.00661235
 -1.64355056
  1.64610714
 -0.13587857
 -0.49961898
 -2.48843412
 -0.01986516
 -0.86500960
  0.68949565
  1.29519226
 -0.95403886
  0.02906265
 -1.00637500
 -0.71851560
 -0.39091957
  0.76213303
 -1.26151422
 -1.89697162
  0.41803917
  0.91313117
  0.68942407
 -1.08911294
  0.19294237
 -0.42626038
 -0.28637712
 -0.15733613
 -0.39731632
 -1.18010907
  0.48050500
  0.04655136
  1.07284806
  2.36547092
 -0.87595394
 -0.15836865
  0.18838028
  2.10499783
  0.75743622
  1.17302326
  0.56184469
 -1.01794797
 -1.19810684
  1.23538099
  1.06654580
  0.92807442
  0.01357388
  1.14355613
  0.60303677
  0.40499403
 -0.52345199
  1.76743890
 -0.95848519
 -1.66331118
 -0.65184475
 -0.35489818
 -0.97161334
 -0.44155593
  0.39031206
  0.10557995
  1.40242198
 -0.66171999
 -0.22235895
  1.05312584
  1.24535431
 -0.29934718
 -2.94845095
  0.13055133
  0.38487900
  1.23054802
  1.02179806
 -0.33217109
 -0.84234146
  0.63342762
  0.67713725
 -0.22615799
 -0.18321543
 -1.36549188
 -1.13332720
  0.07535480
  0.15038169
 -0.20703382
 -1.49283047
  0.70088395
 -0.37159379
 -2.08363640
 -1.13330037
  0.28057793
 -0.84464040
  2.80258153
  0.91866268
  0.64138958
  1.91083062
 -2.72791178
  1.69525016
  0.72348815
 -1.09655546
  0.95212827
  1.39553231
 -0.04143158
  0.14336026
 -0.91141599
 -1.42909444
 -0.21024888
  0.84482742
  0.32867861
  0.72564078
 -0.91707468
  1.81811920
 -0.61615621
  0.79884363
  2.57121321
  1.57739910
 -1.03706885
  0.65354020
 -1.59659320
  1.03445801
  0.68706819
 -0.43628363
 -0.08082103
  0.74457906
  0.15780586
  1.05141528
  1.51467436
  0.51245495
 -0.13023938
 -1.37549491
 -0.02521129
 -0.90442758
 -0.18867647
 -1.96016508
 -1.55034216
 -0.04790582
  0.55875834
  0.07527857
  0.53000177
  0.52358372
 -0.12831135
  0.25989004
 -1.59864727
 -0.26801117
  0.40231997
  0.24000261
 -0.67812546
  1.11511384
 -1.77921150
 -1.21626460
  1.72306392
 -0.95670888
 -0.35647697
 -0.45980741
  0.06500893
  1.01111787
  0.78087962
 -0.27880019
  1.40229826
  1.58077632
  0.07177025
 -0.78486736
  0.63165655
 -0.32343470
 -2.12157599
 -1.82022012
 -0.53899909
 -0.20652394
 -0.40881023
  0.60305549
  0.24264088
  0.27236138
 -1.00640404
  0.09855812
  0.31649874
  0.66867602
 -0.65307378
  0.22095681
  1.20705713
  0.34628557
 -0.90635083
 -0.72449376
  0.59052081
  0.90773116
  0.21200385
 -0.20265806
 -0.64240246
 -1.18277656
 -0.09049280
  0.39344090
  0.33623467
 -1.11306455
  0.42994226
  2.43285921
 -1.76563585
  0.02113507
 -0.02938668
 -0.79363420
 -0.76709474
  1.73147534
 -1.09618331
 -0.77593973
 -0.12412305
  0.20860089
 -1.27413365
  0.40304394
 -0.58881859
 -1.41845784
 -0.15945832
  0.22311320
 -0.63587431
 -1.49515726
  1.84587310
  0.10785505
  1.37047069
 -0.81274246
  0.33856219
  0.48721267
 -0.58072286
 -1.06217015
  1.24938982
 -0.01921113
 -1.36953004
  0.42664911
 -2.31133792
 -0.60315006
  1.26904247
  0.26779334
  0.10394536
  0.56962328
  1.25316421
  0.82883655
  0.16234022
  0.21016055
  0.71059022
  1.35760676
  0.26073371
 -1.80444648
 -0.67112004
 -1.13664423
 -1.68517920
 -2.29025191
  0.46275826
  1.77912815
  0.67685453
 -0.54028061
 -0.42573237
 -2.04297145
  0.57818783
  0.33531480
  0.04262615
 -0.41741181
  0.63775331
  0.53146697
 -0.10478640
 -0.89021740
 -0.33242891
 -0.23573607
 -2.15984436
  0.30904388
 -0.20003885
 -2.05108703
 -2.24545783
  0.01815067
 -0.19910300
  0.45353519
 -0.01919030
  0.26064676
  0.07499437
  0.16402041
  0.10529625
  0.53473147
  1.57117268
  0.44101046
 -1.51010487
  0.05718004
 -0.01979427
  1.42124670
 -0.34472666
 -0.49118220
 -0.64639119
  0.91726954
  0.24681354
  1.33224194
  0.36779688
  1.09000904
  1.34724818
  0.99221860
  0.97775976
  0.85942591
  0.72692621
 -0.03907822
 -1.27946639
  2.58666700
 -0.42322174
 -0.49875886
 -0.40783313
  1.64851614
  0.88741539
  1.48269994
  0.44691826
 -0.16761080
 -1.32709071
  0.66867508
 -0.40986342
  0.76591723
 -0.04679447
  0.44055854
  0.53145742
 -0.46879227
 -1.32409129
 -0.72220953
  1.20003838
  1.04237777
 -0.75603161
 -0.81738699
  0.23268025
 -1.93648778
  0.72391263
  0.60940667
  0.63629032
  0.54322210
  0.51339818
  0.42274997
 -0.50673779
  0.24296880
 -1.32370492
  0.96806104
  1.31949903
  1.01727199
  0.46683388
  1.83178512
  0.39270990
 -1.51837575
  0.75213143
  0.25992182
 -0.44186371
 -0.10175275
 -0.27299322
  1.41078088
  0.51076780
 -0.33692043
  0.07754951
 -1.09313320
 -0.97649961
  0.19822658
  0.75256648
  0.51980371
 -0.65517703
  1.02957058
  1.28759579
  0.17852563
 -0.19109664
 -0.78533135
 -1.38021593
  0.27695250
  1.67833659
  0.93559505
  1.21095542
 -1.50087280
 -0.67942646
 -0.08441057
 -1.53330069
 -1.22194468
 -1.77506180
 -1.01267258
 -0.21436413
  0.55679712
 -1.38709040
  0.51316808
  1.25484371
 -0.09108490
  0.12491590
 -0.51938684
  0.01258276
  0.24614662
  0.86082811
 -0.45655273
  0.75922393
  0.99288302
  0.56119136
  0.45721904
  0.26240818
 -1.90600343
  0.94122430
 -0.94907880
 -0.21061315
  0.84477393
 -0.26262425
 -1.14442454
 -0.19582888
 -1.49523684
 -0.24775489
 -0.93221251
 -0.99262942
 -2.22910085
 -1.21373821
 -0.59721212
 -0.92100716
  0.46656369
 -0.23112259
  1.35430746
 -0.28501733
 -0.80345437
  1.38740468
 -0.48241331
  1.54783424
 -0.39025578
  0.69121280
 -0.12353173
  1.69024296
  0.48183473
 -1.00203472
  0.45782009
  1.89798941
 -0.10081393
  0.48281299
  1.13406273
  0.01044689
 -1.22462394
  1.47146033
 -0.49073686
 -0.08639677
  0.37666150
  0.25810537
  0.65321798
  0.17906792
  1.11356846
  0.30853872
 -0.04409930
  0.36348606
 -1.14187525
 -2.60413938
  0.77869546
 -1.43982472
  0.75298023
 -1.31862465
 -0.71196543
 -1.83530032
  0.85945922
 -0.02874075
 -1.48643344
 -0.97575500
 -0.87371084
  0.50629629
  0.78253610
  0.62412290
 -0.34988079
  1.03060992
 -0.93426343
 -1.46244760
  1.39093750
 -1.65609500
  0.50814734
 -0.02958329
  0.18566910
  0.89329254
 -0.47012123
 -0.28975250
  1.30666280
  2.23530874
  1.05570342
 -0.51762975
  1.52577649
 -0.84510736
 -0.74717091
  1.46513984
  1.76642286
  0.45999074
 -1.28270471
  0.18494118
  0.19160858
 -0.32190641
 -0.30891056
 -1.21982859
 -0.08691581
 -0.12857105
 -0.02479979
  0.18756538
  0.66606610
  0.84218042
 -0.29995435
  1.19423317
 -0.06207498
 -1.20130220
  0.03227114
  0.58530735
  1.27068414
 -2.31886869
 -1.46691801
  0.84054313
 -1.10859493
 -0.20218676
  1.01800727
 -0.38256471
  0.07101535
 -1.12303705
 -1.02780502
 -0.61048600
 -1.98234547
  1.35667559
 -0.19450182
 -0.35133488
  0.60925655
 -0.45044651
  0.64239862
 -0.47092720
  1.55079777
  0.44030105
  0.19712518
 -0.85812144
  0.96495877
 -0.59065225
  0.08749682
  0.22981421
  0.31393797
 -0.14447192
  1.36641896
 -1.35265386
  0.39429369
  0.46917128
  1.46975994
  0.78374319
 -0.78139816
 -0.66624865
 -1.29367261
  0.16802429
 -0.67988082
 -0.11146330
  0.35759763
 -1.59276670
 -0.82500509
 -0.69250698
 -0.66937146
 -1.49743056
  1.01647133
 -0.36004865
 -1.00857642
  0.79835570
 -0.30287231
  0.92742860
  1.33563345
 -0.90627932
 -1.00885529
  1.90612874
 -0.31034383
  0.17698573
 -1.11611904
  1.31858307
  2.24598091
  0.38575663
  0.61536138
 -0.63204758
 -0.58080965
  1.15938237
  0.35189452
  1.53274704
 -1.60626639
 -0.00519743
  1.15497799
  0.64226844
  0.38140745
 -0.39592799
  1.19095482
  0.24229893
 -0.43769184
 -0.13944943
  0.69452529
  1.33232508
 -0.99053546
  0.30113069
  0.60592355
  0.37288633
  0.55828606
  0.96998131
 -1.06211025
 -0.16363931
  1.19407239
 -0.24611679
 -2.26782660
 -0.76744291
 -0.27988918
 -0.01232492
 -0.43059137
 -1.41507923
  1.28762013
 -0.46369951
 -3.40244513
 -1.84929832
 -0.93325318
 -1.39212684
 -0.92598460
  1.63275184
  1.08251245
 -1.44124782
  0.74293051
  0.23112043
  0.26865852
 -0.18455846
  0.44973187
 -0.30726620
  0.55974039
 -0.00315386
  0.82789299
 -0.92643237
 -1.26845708
 -1.07127607
 -1.98970500
  1.31660645
 -0.31446588
  0.92735957
  0.09186518
  0.10618270
 -0.15221360
  0.55887355
 -1.74493146
  1.75295751
  0.06882994
 -1.50432234
  0.41193029
  0.90046906
 -0.59371638
  0.42573478
  1.65322619
  0.57336804
 -0.29494109
 -1.03477489
  1.60804253
 -0.77354853
  0.58612260
  0.23560431
  0.85510677
  0.16779525
 -1.86066783
 -0.35621166
  0.04616829
  0.69095247
  0.81218899
 -0.88797804
 -0.21744336
 -0.01322395
 -0.75498782
 -0.36570757
  0.21263992
  0.49605303
 -0.99186402
  1.06596286
  0.23748386
  0.60208205
 -0.68478312
  0.30350191
  0.30101226
  0.83740129
  1.15320592
  1.82681364
 -0.76962458
  0.68360837
 -1.06147544
 -0.58834887
 -0.40272666
  0.19283472
 -0.61565889
 -1.54018214
 -0.17246832
  1.18092502
 -0.83875702
  0.76364050
  0.23078363
  1.76140936
 -1.09088182
 -0.19682801
  0.27164533
 -1.16791901
 -0.31019913
  1.60123623
 -1.24285285
  0.74404178
  1.37066006
 -0.61380259
 -0.11494923
 -2.57140715
 -0.39759159
 -0.17627329
  1.88765411
  1.51165007
 -1.07092250
 -0.87623556
  1.33973075
 -1.02910624
 -0.52112369
 -0.00512246
 -1.34984579
 -0.53460957
  1.01674838
  1.40821922
 -1.15557425
 -0.61052088
 -0.24654256
  1.13592855
  0.19129425
 -1.15803063
 -0.22581139
 -0.14011186
  0.03446564
 -0.12941359
 -0.08549458
  3.12639342
  1.19966864
 -0.18617006
 -1.01382551
 -0.27480781
  0.80054815
 -0.68493978
  0.40858428
  1.22312880
 -0.66555178
 -0.09210611
  2.63306041
 -1.90722749
 -0.70711811
 -0.60313279
 -1.48006054
  1.92171653
  0.15555236
 -1.47283796
  0.67041449
  0.29466443
  0.10000094
  0.23017544
  1.69582598
 -0.26625177
  0.13093278
 -0.45365009
 -0.32275400
 -1.23232022
 -0.02515208
 -0.07181726
  0.59102060
 -0.45970469
  0.14778990
 -2.05705943
 -0.51644714
  1.27489325
  0.34268829
  0.07044164
  0.17786980
 -0.42449050
  1.65914672
 -0.98546438
  2.04541788
  3.00172832
  2.28193577
 -0.11349415
  0.85938046
 -0.76413623
 -0.01760562
  0.42834806
  0.19982133
  0.98332992
 -0.27033882
 -1.98978416
 -1.35992584
 -0.54826394
 -1.42691308
  0.73718650
  0.50333279
  0.97558676
  0.95120148
 -0.72605798
  1.06258739
 -0.30156467
  0.36112058
  0.47008122
  0.86848599
  1.22966958
  0.62946578
 -1.24380991
  1.27163363
 -1.10323929
 -0.75106579
 -0.55873059
  1.71255981
 -1.65045009
  0.22664570
 -1.89484439
  0.91773780
 -0.20735933
 -0.06399859
 -0.18605463
 -0.01769624
 -1.06796976
 -1.27396638
 -0.08213817
  1.49060084
  0.28660025
 -0.91623127
  0.09316935
  1.26593470
  1.39745182
  0.37460533
 -0.83748181
 -1.00359017
 -0.45970638
 -0.41286094
  2.23442096
 -0.75752374
  0.97163889
  1.16310545
 -2.47976610
 -0.47088180
  0.05412796
 -0.49919822
 -1.09972988
 -0.73905482
  0.39046980
  1.59666756
  0.37072169
  0.89023841
 -1.39400379
  1.51963296
 -0.10910051
  0.58831041
  0.01551672
 -1.51030996
 -0.05168547
 -0.58393567
 -1.40817699
  0.14090593
 -0.51945701
  1.13127514
 -1.50593736
  2.72166311
  0.45808186
  1.96574478
 -1.18942036
  1.40909574
 -1.12698064
 -0.47381325
 -0.31504491
  1.62947452
  0.58476741
 -0.17381356
 -0.00828582
 -0.59071527
  0.04932022
 -0.15765413
  0.43942468
 -1.74190256
  0.62236710
 -0.38025551
  0.23411254
  1.00328641
  0.37545106
 -0.91548590
  0.31513529
  0.31343444
  0.47160429
 -1.25024897
 -0.76122000
 -0.05647793
  1.34765526
 -0.30715306
  0.77167284
 -1.52714549
 -0.56534013
 -0.99813899
 -0.23981272
 -1.01752991
 -0.43207031
  0.05192559
 -1.42100834
 -1.43372652
 -0.39826379
 -1.30383895
 -1.18667660
  0.04102203
  0.73826227
 -1.54817491
 -0.22146347
 -0.88619373
 -1.62940336
  0.93619449
  0.14728056
 -0.17762287
 -1.24661881
 -0.95100137
  0.05011904
 -0.15697072
 -0.35754699
  0.71847239
 -0.06939188
  1.06979046
 -0.76941678
 -0.00306138
  0.35028119
  0.29181551
  0.15899628
  1.06800744
  0.04076935
  0.30201430
  1.80407276
  0.22431108
 -0.07934151
  0.99887177
 -0.51214488
 -0.88179099
 -1.18907392
  0.33216257
 -1.28203917
 -0.42462224
 -1.28110739
 -0.87395240
 -0.28295653
  0.96747164
  0.95944745
  0.02925362
 -0.19596576
  1.27160653
  0.52281188
 -0.32495063
  2.02801457
 -1.30222058
 -0.60127414
 -1.62823723
  0.60023348
  0.57149537
  0.67375145
 -0.78200665
  1.12188692
  3.25596663
  0.32359937
 -0.26009816
 -1.76529153
 -0.78126729
  0.12535838
  0.08350352
  0.93623770
  1.14612121
  0.67678757
  1.09997725
  1.00086506
 -2.84317679
  0.64020736
  1.24443699
  0.50657211
  1.30214776
  0.03939301
 -0.16828373
 -0.02047288
 -0.13722716
 -0.80657223
  2.09285507
  1.46877871
 -1.33676429
  0.50485952
 -0.45593288
 -0.48232114
 -0.73904287
  0.14521561
 -0.31889970
 -1.24236902
  1.09163922
  1.01774810
 -0.09639416
 -0.92584102
  2.02647061
  0.36915611
  0.32530151
 -0.19776299
  0.89415951
  1.92273275
 -0.29845926
  0.36601556
  0.63847633
 -0.57373172
  3.13557634
  1.36586187
 -0.93009227
 -1.62674714
 -0.65557742
  1.19086952
  1.43567325
  0.48561076
 -0.22170745
 -0.85770921
 -0.23502300
  1.40548579
  0.29492142
  1.39168441
 -0.60531296
 -1.99049112
 -0.66498592
 -1.74269073
 -1.39714403
  2.17490615
 -0.55046365
 -0.10667389
  0.35028319
  1.83350173
 -0.48447389
  1.44990474
 -0.30462186
  1.09680480
  0.10842595
 -1.59390095
  0.04789142
  1.75133262
 -1.27564071
 -0.04151767
 -1.44982421
 -0.95491906
 -1.06642629
 -0.07085160
 -1.06830122
 -2.73044331
 -2.30815981
 -0.84055076
  0.49039756
  0.97066317
  0.94501679
 -0.08031202
 -2.06627678
 -0.33580611
  0.46473663
 -1.16311025
 -0.32189533
 -0.10652845
 -0.62051404
 -2.47617416
  0.64346611
 -0.34752612
  1.83713723
  1.72983765
  1.77831728
 -0.07323049
  0.94325062
 -0.17387287
  0.62354103
  0.03474399
 -1.38749725
 -0.86501586
 -0.24301427
 -0.27863053
  0.28493619
  1.50174801
 -0.28454817
  0.44551749
  0.21761777
 -0.75052094
  1.96679717
 -0.55607366
  0.34404516
  1.30316682
 -0.10298487
 -0.47447820
 -0.74985977
  0.30528173
 -0.74462213
  0.74919422
 -2.42299709
 -0.78702734
  0.41050124
 -1.22020157
 -0.96791446
  1.06123407
 -1.46033849
 -0.88623069
  0.32042838
 -0.00360251
 -1.37813108
  0.96657690
 -0.43149599
  0.38139738
  0.37223161
 -1.60954573
  0.35163836
  0.52669677
  0.05742430
 -0.05814832
 -1.05506196
 -0.45329114
 -2.35963566
 -0.00033328
  0.51367906
 -0.88148380
 -0.05973204
  0.42488479
  0.34380400
  0.31786606
  0.53070373
 -0.36653632
  0.68181399
  0.77139767
  1.21067010
  0.50400785
  0.42099710
 -1.48163264
  1.01141288
  0.16475606
  0.61284097
  0.73007959
  1.11606696
  0.56381831
 -0.26896106
 -0.39655731
 -1.71770892
 -2.09035722
  0.45895647
 -2.53159452
 -1.79043404
  1.61751205
  0.84464551
 -0.19725929
 -0.01085144
  0.01515937
  2.24512624
  0.19252922
  0.16816886
 -1.08048109
 -1.24334997
  0.14370690
 -0.51438698
  2.24987372
 -2.26428637
 -1.91638209
 -0.62920037
  1.06382592
 -1.53309801
 -0.22357183
 -0.64148211
  0.47538696
  1.79676832
 -1.41922023
 -0.47208492
  1.29716111
 -1.15474738
 -1.12300858
  0.60773950
 -1.03029601
 -0.78094202
  1.74547088
 -1.10479029
 -0.83157811
  0.03878854
 -0.36208541
  1.72974968
 -0.66161308
  0.94598587
 -0.05650258
 -0.10669283
  0.82844832
  0.42306717
 -0.31391266
  1.08935143
  0.76948723
 -0.70644584
 -0.30560831
  0.58927077
 -1.17604332
 -0.43474425
  0.33114693
  1.92359456
  0.44878537
 -0.52184660
 -2.18535694
  0.39904227
  1.42659906
 -0.27144457
  0.48424068
 -1.42191460
 -0.81217251
 -0.04312626
  0.82670648
 -0.87292912
 -0.65791918
 -1.89420485
  0.23491077
 -0.66523255
  0.19043035
  0.14951272
  0.37250429
 -1.37370259
  1.28824475
 -1.60158830
  1.39816912
 -0.94733676
 -0.79865110
 -1.08609874
  0.36351556
  2.12621871
  0.73239180
  0.42840043
 -0.13278257
  1.56519943
 -1.03111232
  0.45147382
  0.58964784
  0.76642491
  1.47316446
 -1.03114824
  1.83555844
  0.51035623
 -0.29032994
  0.14661821
  0.78252494
 -1.17525797
 -1.05514484
  1.77294913
  0.13154967
 -0.19834915
  1.62692028
 -1.94095084
 -0.09153207
 -0.43328539
  1.08930872
  0.48972462
  0.59285482
  0.63694118
 -1.17877937
 -0.23631707
  0.54087211
  0.06690427
 -0.11909861
 -1.05226367
 -0.23346163
 -0.81540815
  0.14063653
 -0.46556182
 -0.08048042
  0.29978225
  1.95981297
 -1.05644238
  0.78946569
 -1.22333968
 -0.05581967
  1.01226757
  0.32987117
 -2.02437710
  0.83187871
 -0.86670016
  0.38067432
  0.22560443
 -1.80807650
 -1.25381114
  0.43392863
  0.75070504
 -0.50728011
 -1.17938880
  0.01300615
  0.18579490
 -0.99911968
 -0.25261347
 -0.81310141
  0.02531609
 -0.95168807
  1.51215804
  0.53001612
 -0.88877461
  0.00402263
 -0.18096699
  0.25887843
 -1.03919256
 -0.11254799
  0.26970909
  1.41465531
 -1.18753816
  1.58205199
 -0.86284479
 -0.22006730
  1.67450624
  0.11096437
 -1.54012317
 -0.91514265
 -0.12567373
 -2.39558122
  0.59646415
 -1.41620425
  1.07342126
  0.46107414
  0.25689552
  0.04515386
  0.03023419
  0.91105732
  1.56704346
 -0.53207357
 -0.61656200
  0.65447080
  0.72660728
  1.09124105
 -0.58778108
 -0.42916490
  1.16815081
  1.06766895
  0.96119028
  2.12953425
 -0.47333381
  2.65536080
 -0.00300516
  1.12376273
  2.02414218
  1.90511615
 -0.07523657
 -1.85121568
 -2.11676421
  0.21395172
 -2.36924848
 -2.20371537
 -0.29759783
  1.12621024
 -1.33384887
 -0.58781774
 -1.29112487
  1.06564092
 -2.21514970
 -0.18166137
 -1.05631392
 -0.59162475
  1.99486396
 -0.07751869
 -0.48900437
 -2.07272500
 -1.59248695
  0.20758801
 -0.36200375
  1.66149651
  0.44546761
  0.03908700
  0.36267305
 -0.49152529
 -2.51616964
  0.76821520
 -0.15992385
 -1.33069022
 -1.03559155
  0.55988114
 -0.73313755
 -1.49053616
  0.69549172
 -0.20871297
  1.19694992
 -0.97194350
  1.78637840
 -0.12483604
  0.79394837
 -1.85213018
 -0.17363209
 -1.09141546
  0.48868661
 -0.28168144
  0.99373003
 -0.05795468
  0.52933118
  0.23070419
 -0.62512975
 -0.10987251
 -1.45276513
 -0.87390994
 -0.98618793
  0.26136644
 -0.83448085
  0.52037162
  1.24839664
 -0.35919056
  0.68214790
  1.18999642
  0.05897943
 -1.16963842
 -1.56307400
 -2.16239532
 -0.68653306
 -1.13603853
  2.34458441
  0.39243997
 -1.45403308
 -0.58129582
  0.67449470
  0.37421914
  1.40328483
 -0.80152828
 -1.06007052
 -0.01226659
 -0.09091139
 -1.22265898
 -1.20111453
 -0.42960951
  0.29933157
  0.25794823
 -1.13645443
 -0.87805635
  1.75429475
 -0.69899819
 -0.88882375
  1.43208626
 -0.79411393
  0.53284556
  0.49044766
 -0.11106860
 -0.08588671
  0.74225076
 -0.85808370
 -0.03232792
  0.83035971
  0.45943593
  0.90214431
 -0.33226415
  0.02427996
  0.88799996
 -0.21982481
 -1.06564253
  0.63056644
 -0.84311408
 -0.48589913
 -0.48988696
  0.32176098
 -0.65645339
 -0.08794349
 -0.96636992
 -0.64745100
  0.17177734
  0.90125796
 -0.30250955
  0.17733824
  0.26982350
 -0.14859030
  1.66095745
 -0.71291429
 -0.91118477
 -0.08738031
 -0.06072936
  0.25594577
  1.49193874
 -0.77240806
  1.96437415
  0.44403694
 -0.49205526
  1.37026982
  2.84226826
  0.72575812
  0.09304495
 -0.21071252
 -0.91750182
 -0.89830703
 -0.71534646
  0.20194576
  1.09099364
  0.01734608
  0.71570888
  0.00590709
 -0.61007536
  0.83589112
  1.09309464
  0.47430054
  1.34773980
 -1.28009494
 -0.35468244
  1.51802252
  0.50434239
 -1.74988605
  0.94116237
  0.44160304
 -1.64681966
  1.58128834
  0.33759542
  2.22476221
  0.34662134
  0.96026628
  0.88983560
 -2.43293127
 -0.55137896
 -0.71636772
  1.79706349
  0.96063389
  0.87468335
  1.92619042
  0.05526853
  0.87245594
  0.87697332
 -0.16821372
  0.24822031
  0.16648920
  0.99821484
 -1.38695122
  2.96615618
  0.59037965
 -0.83513863
  1.23203280
  0.39149146
  2.30616559
  0.37915962
  0.13832488
 -0.36315550
 -0.80078615
  0.55039966
 -0.63590072
  0.12110933
 -1.87647760
  0.62537349
 -0.38228987
 -0.31623353
 -0.04642738
  0.54353746
 -0.75190684
 -0.12561837
  0.66455998
  0.48222269
  0.05743434
  0.02749772
 -0.80524786
 -0.78336361
  1.14060494
 -0.68509451
 -0.31929033
 -0.41665931
 -1.24021805
  0.49991143
  0.83000302
 -0.90519163
 -0.78549695
  1.45328381
  1.71017843
 -0.30167749
  2.21367492
 -0.71608188
 -1.16932021
 -2.18634147
  1.06307501
  0.08175717
 -0.72155606
 -0.14706540
  0.29365110
 -0.07010128
  1.05207284
 -1.04942416
 -0.30397983
  1.21325857
 -0.11059414
 -2.74247764
  0.32900316
  1.97520214
  1.32102193
 -0.08290829
 -0.91747655
 -1.43896097
  1.66223568
 -1.18210706
  0.50689552
 -0.38809906
  0.44827332
 -0.09817562
  0.26940050
  0.46697495
 -0.80275076
 -1.09766694
 -1.32622770
  1.10400343
 -2.12931467
  0.32317782
 -0.41279623
 -1.10478208
 -0.59193051
 -1.11802387
 -2.10415539
 -0.51374275
 -0.75062906
  0.02853831
  1.74692818
  2.08939781
 -0.67750219
 -0.68543140
  0.82396131
  0.67869070
  0.47519011
  0.66149623
 -1.06441517
  0.70109077
 -0.94127802
 -0.64576425
  0.17994222
  0.31801210
  0.25475466
 -0.12690701
  0.26290218
 -1.02724993
  0.21399554
  0.03806267
  0.56758648
 -0.10146931
  0.12992053
  0.55620695
 -0.63894676
 -0.15201778
  0.47040140
 -0.41455765
 -1.51465154
  1.44599547
  0.15459163
  0.56346769
 -0.51908085
  0.20756384
  0.96723793
  1.99282527
  0.49378740
 -0.83912848
  0.30340016
  0.10494649
  1.88195809
 -1.11508165
  0.36216446
 -0.73037615
 -0.96665303
 -0.16130956
 -0.77121392
  0.22911914
  0.17879544
 -0.03123697
 -1.33247325
  0.15970323
  2.47542673
  0.59150325
  0.33219806
  1.63044161
 -1.06830323
  0.51610839
  0.69962288
 -0.95133922
  0.06494488
  0.99240168
  0.25157301
  0.73592908
  1.46036357
 -0.51590332
 -1.14397301
  0.24332022
  0.20769135
  0.14399677
  1.72120560
 -0.00665287
  1.36382685
 -1.47144823
  1.46066150
 -1.13437017
 -1.09862639
  0.82336442
  0.80163467
 -1.45544226
 -0.60485583
 -0.43313192
